FECHAMENTO DE 12 EM 20 QUADRANTES - Lotomania (20 quadrantes de 5 numeros, um por meia linha)
Quadrante 1 = 01-05 | 2 = 06-10 | 3 = 11-15 | 4 = 16-20 | 5 = 21-25 | 6 = 26-30 | ... | 19 = 91-95 | 20 = 96-00
Cada volante = 10 quadrantes inteiros do grupo (50 numeros). Grupo deste exemplo: quadrantes 1 a 12 (numeros 01 a 60).

==============================================================================
12 QUADRANTES, 5 VOLANTES, GARANTIA 16 PONTOS - R$ 15,00 por concurso
Regra: Os 12 quadrantes formam 6 pares: (1,2), (3,4), (5,6), (7,8), (9,10), (11,12). Cada volante tira um par inteiro e marca os outros 10 quadrantes. São 5 volantes: tiram os pares (1,2), (3,4), (5,6), (7,8) e (9,10); o par (11,12) fica marcado em todos.

Volante 01  (fora: quadrantes 1 e 2 = 01 02 03 04 05 06 07 08 09 10)
   11 12 13 14 15 16 17 18 19 20 21 22 23 24 25 26 27 28 29 30 31 32 33 34 35
   36 37 38 39 40 41 42 43 44 45 46 47 48 49 50 51 52 53 54 55 56 57 58 59 60
Volante 02  (fora: quadrantes 3 e 4 = 11 12 13 14 15 16 17 18 19 20)
   01 02 03 04 05 06 07 08 09 10 21 22 23 24 25 26 27 28 29 30 31 32 33 34 35
   36 37 38 39 40 41 42 43 44 45 46 47 48 49 50 51 52 53 54 55 56 57 58 59 60
Volante 03  (fora: quadrantes 5 e 6 = 21 22 23 24 25 26 27 28 29 30)
   01 02 03 04 05 06 07 08 09 10 11 12 13 14 15 16 17 18 19 20 31 32 33 34 35
   36 37 38 39 40 41 42 43 44 45 46 47 48 49 50 51 52 53 54 55 56 57 58 59 60
Volante 04  (fora: quadrantes 7 e 8 = 31 32 33 34 35 36 37 38 39 40)
   01 02 03 04 05 06 07 08 09 10 11 12 13 14 15 16 17 18 19 20 21 22 23 24 25
   26 27 28 29 30 41 42 43 44 45 46 47 48 49 50 51 52 53 54 55 56 57 58 59 60
Volante 05  (fora: quadrantes 9 e 10 = 41 42 43 44 45 46 47 48 49 50)
   01 02 03 04 05 06 07 08 09 10 11 12 13 14 15 16 17 18 19 20 21 22 23 24 25
   26 27 28 29 30 31 32 33 34 35 36 37 38 39 40 51 52 53 54 55 56 57 58 59 60

==============================================================================
12 QUADRANTES, 6 VOLANTES, GARANTIA 17 PONTOS - R$ 18,00 por concurso
Regra: Os mesmos 6 pares. Cada volante tira um par inteiro e marca os outros 10 quadrantes. São 6 volantes, um para cada par.

Volante 01  (fora: quadrantes 1 e 2 = 01 02 03 04 05 06 07 08 09 10)
   11 12 13 14 15 16 17 18 19 20 21 22 23 24 25 26 27 28 29 30 31 32 33 34 35
   36 37 38 39 40 41 42 43 44 45 46 47 48 49 50 51 52 53 54 55 56 57 58 59 60
Volante 02  (fora: quadrantes 3 e 4 = 11 12 13 14 15 16 17 18 19 20)
   01 02 03 04 05 06 07 08 09 10 21 22 23 24 25 26 27 28 29 30 31 32 33 34 35
   36 37 38 39 40 41 42 43 44 45 46 47 48 49 50 51 52 53 54 55 56 57 58 59 60
Volante 03  (fora: quadrantes 5 e 6 = 21 22 23 24 25 26 27 28 29 30)
   01 02 03 04 05 06 07 08 09 10 11 12 13 14 15 16 17 18 19 20 31 32 33 34 35
   36 37 38 39 40 41 42 43 44 45 46 47 48 49 50 51 52 53 54 55 56 57 58 59 60
Volante 04  (fora: quadrantes 7 e 8 = 31 32 33 34 35 36 37 38 39 40)
   01 02 03 04 05 06 07 08 09 10 11 12 13 14 15 16 17 18 19 20 21 22 23 24 25
   26 27 28 29 30 41 42 43 44 45 46 47 48 49 50 51 52 53 54 55 56 57 58 59 60
Volante 05  (fora: quadrantes 9 e 10 = 41 42 43 44 45 46 47 48 49 50)
   01 02 03 04 05 06 07 08 09 10 11 12 13 14 15 16 17 18 19 20 21 22 23 24 25
   26 27 28 29 30 31 32 33 34 35 36 37 38 39 40 51 52 53 54 55 56 57 58 59 60
Volante 06  (fora: quadrantes 11 e 12 = 51 52 53 54 55 56 57 58 59 60)
   01 02 03 04 05 06 07 08 09 10 11 12 13 14 15 16 17 18 19 20 21 22 23 24 25
   26 27 28 29 30 31 32 33 34 35 36 37 38 39 40 41 42 43 44 45 46 47 48 49 50

==============================================================================
12 QUADRANTES, 18 VOLANTES, GARANTIA 18 PONTOS - R$ 54,00 por concurso
Regra: Os 12 quadrantes formam 3 grupos de 4: (1,2,3,4), (5,6,7,8), (9,10,11,12). Dentro de cada grupo há 6 duplas possíveis; cada volante tira uma dupla do grupo e marca os outros 10 quadrantes. 3 grupos × 6 duplas = 18 volantes. É o máximo que se pode garantir com quadrantes inteiros: nenhum fechamento chega a 19.

Volante 01  (fora: quadrantes 1 e 2 = 01 02 03 04 05 06 07 08 09 10)
   11 12 13 14 15 16 17 18 19 20 21 22 23 24 25 26 27 28 29 30 31 32 33 34 35
   36 37 38 39 40 41 42 43 44 45 46 47 48 49 50 51 52 53 54 55 56 57 58 59 60
Volante 02  (fora: quadrantes 1 e 3 = 01 02 03 04 05 11 12 13 14 15)
   06 07 08 09 10 16 17 18 19 20 21 22 23 24 25 26 27 28 29 30 31 32 33 34 35
   36 37 38 39 40 41 42 43 44 45 46 47 48 49 50 51 52 53 54 55 56 57 58 59 60
Volante 03  (fora: quadrantes 1 e 4 = 01 02 03 04 05 16 17 18 19 20)
   06 07 08 09 10 11 12 13 14 15 21 22 23 24 25 26 27 28 29 30 31 32 33 34 35
   36 37 38 39 40 41 42 43 44 45 46 47 48 49 50 51 52 53 54 55 56 57 58 59 60
Volante 04  (fora: quadrantes 2 e 3 = 06 07 08 09 10 11 12 13 14 15)
   01 02 03 04 05 16 17 18 19 20 21 22 23 24 25 26 27 28 29 30 31 32 33 34 35
   36 37 38 39 40 41 42 43 44 45 46 47 48 49 50 51 52 53 54 55 56 57 58 59 60
Volante 05  (fora: quadrantes 2 e 4 = 06 07 08 09 10 16 17 18 19 20)
   01 02 03 04 05 11 12 13 14 15 21 22 23 24 25 26 27 28 29 30 31 32 33 34 35
   36 37 38 39 40 41 42 43 44 45 46 47 48 49 50 51 52 53 54 55 56 57 58 59 60
Volante 06  (fora: quadrantes 3 e 4 = 11 12 13 14 15 16 17 18 19 20)
   01 02 03 04 05 06 07 08 09 10 21 22 23 24 25 26 27 28 29 30 31 32 33 34 35
   36 37 38 39 40 41 42 43 44 45 46 47 48 49 50 51 52 53 54 55 56 57 58 59 60
Volante 07  (fora: quadrantes 5 e 6 = 21 22 23 24 25 26 27 28 29 30)
   01 02 03 04 05 06 07 08 09 10 11 12 13 14 15 16 17 18 19 20 31 32 33 34 35
   36 37 38 39 40 41 42 43 44 45 46 47 48 49 50 51 52 53 54 55 56 57 58 59 60
Volante 08  (fora: quadrantes 5 e 7 = 21 22 23 24 25 31 32 33 34 35)
   01 02 03 04 05 06 07 08 09 10 11 12 13 14 15 16 17 18 19 20 26 27 28 29 30
   36 37 38 39 40 41 42 43 44 45 46 47 48 49 50 51 52 53 54 55 56 57 58 59 60
Volante 09  (fora: quadrantes 5 e 8 = 21 22 23 24 25 36 37 38 39 40)
   01 02 03 04 05 06 07 08 09 10 11 12 13 14 15 16 17 18 19 20 26 27 28 29 30
   31 32 33 34 35 41 42 43 44 45 46 47 48 49 50 51 52 53 54 55 56 57 58 59 60
Volante 10  (fora: quadrantes 6 e 7 = 26 27 28 29 30 31 32 33 34 35)
   01 02 03 04 05 06 07 08 09 10 11 12 13 14 15 16 17 18 19 20 21 22 23 24 25
   36 37 38 39 40 41 42 43 44 45 46 47 48 49 50 51 52 53 54 55 56 57 58 59 60
Volante 11  (fora: quadrantes 6 e 8 = 26 27 28 29 30 36 37 38 39 40)
   01 02 03 04 05 06 07 08 09 10 11 12 13 14 15 16 17 18 19 20 21 22 23 24 25
   31 32 33 34 35 41 42 43 44 45 46 47 48 49 50 51 52 53 54 55 56 57 58 59 60
Volante 12  (fora: quadrantes 7 e 8 = 31 32 33 34 35 36 37 38 39 40)
   01 02 03 04 05 06 07 08 09 10 11 12 13 14 15 16 17 18 19 20 21 22 23 24 25
   26 27 28 29 30 41 42 43 44 45 46 47 48 49 50 51 52 53 54 55 56 57 58 59 60
Volante 13  (fora: quadrantes 9 e 10 = 41 42 43 44 45 46 47 48 49 50)
   01 02 03 04 05 06 07 08 09 10 11 12 13 14 15 16 17 18 19 20 21 22 23 24 25
   26 27 28 29 30 31 32 33 34 35 36 37 38 39 40 51 52 53 54 55 56 57 58 59 60
Volante 14  (fora: quadrantes 9 e 11 = 41 42 43 44 45 51 52 53 54 55)
   01 02 03 04 05 06 07 08 09 10 11 12 13 14 15 16 17 18 19 20 21 22 23 24 25
   26 27 28 29 30 31 32 33 34 35 36 37 38 39 40 46 47 48 49 50 56 57 58 59 60
Volante 15  (fora: quadrantes 9 e 12 = 41 42 43 44 45 56 57 58 59 60)
   01 02 03 04 05 06 07 08 09 10 11 12 13 14 15 16 17 18 19 20 21 22 23 24 25
   26 27 28 29 30 31 32 33 34 35 36 37 38 39 40 46 47 48 49 50 51 52 53 54 55
Volante 16  (fora: quadrantes 10 e 11 = 46 47 48 49 50 51 52 53 54 55)
   01 02 03 04 05 06 07 08 09 10 11 12 13 14 15 16 17 18 19 20 21 22 23 24 25
   26 27 28 29 30 31 32 33 34 35 36 37 38 39 40 41 42 43 44 45 56 57 58 59 60
Volante 17  (fora: quadrantes 10 e 12 = 46 47 48 49 50 56 57 58 59 60)
   01 02 03 04 05 06 07 08 09 10 11 12 13 14 15 16 17 18 19 20 21 22 23 24 25
   26 27 28 29 30 31 32 33 34 35 36 37 38 39 40 41 42 43 44 45 51 52 53 54 55
Volante 18  (fora: quadrantes 11 e 12 = 51 52 53 54 55 56 57 58 59 60)
   01 02 03 04 05 06 07 08 09 10 11 12 13 14 15 16 17 18 19 20 21 22 23 24 25
   26 27 28 29 30 31 32 33 34 35 36 37 38 39 40 41 42 43 44 45 46 47 48 49 50

A garantia vale quando os 20 sorteados caem todos nos 12 quadrantes (1 vez a cada 127.863 sorteios).
Nenhum fechamento aumenta a chance de ganhar; ele so organiza as apostas.
