FECHAMENTOS POR QUADRANTES - EXEMPLO PRONTO (Lotomania, 25 quadrantes de 4 numeros)
Quadrantes: 1 = 01 02 11 12 | 2 = 03 04 13 14 | 3 = 05 06 15 16 | 4 = 07 08 17 18 | 5 = 09 10 19 20
            6 = 21 22 31 32 | 7 = 23 24 33 34 | ... | 25 = 89 90 99 00 (5 quadrantes por faixa de 20 numeros)

==============================================================================
13 QUADRANTES, 11 VOLANTES, GARANTIA 19 PONTOS - R$ 33,00 por concurso
Grupo deste exemplo: quadrantes 1, 2, 3, 4, 5, 6, 7, 8, 9, 10, 11, 12 e 13
Regra: Cada volante marca os 13 quadrantes inteiros, menos a linha de cima de um deles. Volante 1 tira a linha de cima do quadrante 1, volante 2 a do quadrante 2, e assim até o 11. Os quadrantes 12 e 13 ficam inteiros em todos.
A garantia vale quando os 20 sorteados caem todos no grupo: 1 vez a cada 4.254.018 sorteios.

Volante 01  (fora: 01 02)
   03 04 05 06 07 08 09 10 11 12 13 14 15 16 17 18 19 20 21 22 23 24 25 26 27
   28 29 30 31 32 33 34 35 36 37 38 39 40 41 42 43 44 45 46 51 52 53 54 55 56
Volante 02  (fora: 03 04)
   01 02 05 06 07 08 09 10 11 12 13 14 15 16 17 18 19 20 21 22 23 24 25 26 27
   28 29 30 31 32 33 34 35 36 37 38 39 40 41 42 43 44 45 46 51 52 53 54 55 56
Volante 03  (fora: 05 06)
   01 02 03 04 07 08 09 10 11 12 13 14 15 16 17 18 19 20 21 22 23 24 25 26 27
   28 29 30 31 32 33 34 35 36 37 38 39 40 41 42 43 44 45 46 51 52 53 54 55 56
Volante 04  (fora: 07 08)
   01 02 03 04 05 06 09 10 11 12 13 14 15 16 17 18 19 20 21 22 23 24 25 26 27
   28 29 30 31 32 33 34 35 36 37 38 39 40 41 42 43 44 45 46 51 52 53 54 55 56
Volante 05  (fora: 09 10)
   01 02 03 04 05 06 07 08 11 12 13 14 15 16 17 18 19 20 21 22 23 24 25 26 27
   28 29 30 31 32 33 34 35 36 37 38 39 40 41 42 43 44 45 46 51 52 53 54 55 56
Volante 06  (fora: 21 22)
   01 02 03 04 05 06 07 08 09 10 11 12 13 14 15 16 17 18 19 20 23 24 25 26 27
   28 29 30 31 32 33 34 35 36 37 38 39 40 41 42 43 44 45 46 51 52 53 54 55 56
Volante 07  (fora: 23 24)
   01 02 03 04 05 06 07 08 09 10 11 12 13 14 15 16 17 18 19 20 21 22 25 26 27
   28 29 30 31 32 33 34 35 36 37 38 39 40 41 42 43 44 45 46 51 52 53 54 55 56
Volante 08  (fora: 25 26)
   01 02 03 04 05 06 07 08 09 10 11 12 13 14 15 16 17 18 19 20 21 22 23 24 27
   28 29 30 31 32 33 34 35 36 37 38 39 40 41 42 43 44 45 46 51 52 53 54 55 56
Volante 09  (fora: 27 28)
   01 02 03 04 05 06 07 08 09 10 11 12 13 14 15 16 17 18 19 20 21 22 23 24 25
   26 29 30 31 32 33 34 35 36 37 38 39 40 41 42 43 44 45 46 51 52 53 54 55 56
Volante 10  (fora: 29 30)
   01 02 03 04 05 06 07 08 09 10 11 12 13 14 15 16 17 18 19 20 21 22 23 24 25
   26 27 28 31 32 33 34 35 36 37 38 39 40 41 42 43 44 45 46 51 52 53 54 55 56
Volante 11  (fora: 41 42)
   01 02 03 04 05 06 07 08 09 10 11 12 13 14 15 16 17 18 19 20 21 22 23 24 25
   26 27 28 29 30 31 32 33 34 35 36 37 38 39 40 43 44 45 46 51 52 53 54 55 56

==============================================================================
13 QUADRANTES, 21 VOLANTES, GARANTIA 20 PONTOS - R$ 63,00 por concurso
Grupo deste exemplo: quadrantes 1, 2, 3, 4, 5, 6, 7, 8, 9, 10, 11, 12 e 13
Regra: Volantes 1 a 13: tiram a linha de cima do quadrante 1, 2, ..., 13. Volantes 14 a 21: tiram a linha de baixo do quadrante 1, 2, ..., 8. Tudo o mais fica marcado.
A garantia vale quando os 20 sorteados caem todos no grupo: 1 vez a cada 4.254.018 sorteios.

Volante 01  (fora: 01 02)
   03 04 05 06 07 08 09 10 11 12 13 14 15 16 17 18 19 20 21 22 23 24 25 26 27
   28 29 30 31 32 33 34 35 36 37 38 39 40 41 42 43 44 45 46 51 52 53 54 55 56
Volante 02  (fora: 03 04)
   01 02 05 06 07 08 09 10 11 12 13 14 15 16 17 18 19 20 21 22 23 24 25 26 27
   28 29 30 31 32 33 34 35 36 37 38 39 40 41 42 43 44 45 46 51 52 53 54 55 56
Volante 03  (fora: 05 06)
   01 02 03 04 07 08 09 10 11 12 13 14 15 16 17 18 19 20 21 22 23 24 25 26 27
   28 29 30 31 32 33 34 35 36 37 38 39 40 41 42 43 44 45 46 51 52 53 54 55 56
Volante 04  (fora: 07 08)
   01 02 03 04 05 06 09 10 11 12 13 14 15 16 17 18 19 20 21 22 23 24 25 26 27
   28 29 30 31 32 33 34 35 36 37 38 39 40 41 42 43 44 45 46 51 52 53 54 55 56
Volante 05  (fora: 09 10)
   01 02 03 04 05 06 07 08 11 12 13 14 15 16 17 18 19 20 21 22 23 24 25 26 27
   28 29 30 31 32 33 34 35 36 37 38 39 40 41 42 43 44 45 46 51 52 53 54 55 56
Volante 06  (fora: 21 22)
   01 02 03 04 05 06 07 08 09 10 11 12 13 14 15 16 17 18 19 20 23 24 25 26 27
   28 29 30 31 32 33 34 35 36 37 38 39 40 41 42 43 44 45 46 51 52 53 54 55 56
Volante 07  (fora: 23 24)
   01 02 03 04 05 06 07 08 09 10 11 12 13 14 15 16 17 18 19 20 21 22 25 26 27
   28 29 30 31 32 33 34 35 36 37 38 39 40 41 42 43 44 45 46 51 52 53 54 55 56
Volante 08  (fora: 25 26)
   01 02 03 04 05 06 07 08 09 10 11 12 13 14 15 16 17 18 19 20 21 22 23 24 27
   28 29 30 31 32 33 34 35 36 37 38 39 40 41 42 43 44 45 46 51 52 53 54 55 56
Volante 09  (fora: 27 28)
   01 02 03 04 05 06 07 08 09 10 11 12 13 14 15 16 17 18 19 20 21 22 23 24 25
   26 29 30 31 32 33 34 35 36 37 38 39 40 41 42 43 44 45 46 51 52 53 54 55 56
Volante 10  (fora: 29 30)
   01 02 03 04 05 06 07 08 09 10 11 12 13 14 15 16 17 18 19 20 21 22 23 24 25
   26 27 28 31 32 33 34 35 36 37 38 39 40 41 42 43 44 45 46 51 52 53 54 55 56
Volante 11  (fora: 41 42)
   01 02 03 04 05 06 07 08 09 10 11 12 13 14 15 16 17 18 19 20 21 22 23 24 25
   26 27 28 29 30 31 32 33 34 35 36 37 38 39 40 43 44 45 46 51 52 53 54 55 56
Volante 12  (fora: 43 44)
   01 02 03 04 05 06 07 08 09 10 11 12 13 14 15 16 17 18 19 20 21 22 23 24 25
   26 27 28 29 30 31 32 33 34 35 36 37 38 39 40 41 42 45 46 51 52 53 54 55 56
Volante 13  (fora: 45 46)
   01 02 03 04 05 06 07 08 09 10 11 12 13 14 15 16 17 18 19 20 21 22 23 24 25
   26 27 28 29 30 31 32 33 34 35 36 37 38 39 40 41 42 43 44 51 52 53 54 55 56
Volante 14  (fora: 11 12)
   01 02 03 04 05 06 07 08 09 10 13 14 15 16 17 18 19 20 21 22 23 24 25 26 27
   28 29 30 31 32 33 34 35 36 37 38 39 40 41 42 43 44 45 46 51 52 53 54 55 56
Volante 15  (fora: 13 14)
   01 02 03 04 05 06 07 08 09 10 11 12 15 16 17 18 19 20 21 22 23 24 25 26 27
   28 29 30 31 32 33 34 35 36 37 38 39 40 41 42 43 44 45 46 51 52 53 54 55 56
Volante 16  (fora: 15 16)
   01 02 03 04 05 06 07 08 09 10 11 12 13 14 17 18 19 20 21 22 23 24 25 26 27
   28 29 30 31 32 33 34 35 36 37 38 39 40 41 42 43 44 45 46 51 52 53 54 55 56
Volante 17  (fora: 17 18)
   01 02 03 04 05 06 07 08 09 10 11 12 13 14 15 16 19 20 21 22 23 24 25 26 27
   28 29 30 31 32 33 34 35 36 37 38 39 40 41 42 43 44 45 46 51 52 53 54 55 56
Volante 18  (fora: 19 20)
   01 02 03 04 05 06 07 08 09 10 11 12 13 14 15 16 17 18 21 22 23 24 25 26 27
   28 29 30 31 32 33 34 35 36 37 38 39 40 41 42 43 44 45 46 51 52 53 54 55 56
Volante 19  (fora: 31 32)
   01 02 03 04 05 06 07 08 09 10 11 12 13 14 15 16 17 18 19 20 21 22 23 24 25
   26 27 28 29 30 33 34 35 36 37 38 39 40 41 42 43 44 45 46 51 52 53 54 55 56
Volante 20  (fora: 33 34)
   01 02 03 04 05 06 07 08 09 10 11 12 13 14 15 16 17 18 19 20 21 22 23 24 25
   26 27 28 29 30 31 32 35 36 37 38 39 40 41 42 43 44 45 46 51 52 53 54 55 56
Volante 21  (fora: 35 36)
   01 02 03 04 05 06 07 08 09 10 11 12 13 14 15 16 17 18 19 20 21 22 23 24 25
   26 27 28 29 30 31 32 33 34 37 38 39 40 41 42 43 44 45 46 51 52 53 54 55 56

==============================================================================
14 QUADRANTES, 7 VOLANTES, GARANTIA 18 PONTOS - R$ 21,00 por concurso
Grupo deste exemplo: quadrantes 1, 2, 3, 4, 5, 6, 7, 8, 9, 10, 11, 12, 13 e 14
Regra: Os 14 quadrantes formam 7 pares: (1,2), (3,4), (5,6), (7,8), (9,10), (11,12), (13,14). O volante do par tira o primeiro quadrante inteiro e a linha de cima do segundo. Tudo o mais fica marcado.
A garantia vale quando os 20 sorteados caem todos no grupo: 1 vez a cada 682.248 sorteios.

Volante 01  (fora: 01 02 11 12 03 04)
   05 06 07 08 09 10 13 14 15 16 17 18 19 20 21 22 23 24 25 26 27 28 29 30 31
   32 33 34 35 36 37 38 39 40 41 42 43 44 45 46 47 48 51 52 53 54 55 56 57 58
Volante 02  (fora: 05 06 15 16 07 08)
   01 02 03 04 09 10 11 12 13 14 17 18 19 20 21 22 23 24 25 26 27 28 29 30 31
   32 33 34 35 36 37 38 39 40 41 42 43 44 45 46 47 48 51 52 53 54 55 56 57 58
Volante 03  (fora: 09 10 19 20 21 22)
   01 02 03 04 05 06 07 08 11 12 13 14 15 16 17 18 23 24 25 26 27 28 29 30 31
   32 33 34 35 36 37 38 39 40 41 42 43 44 45 46 47 48 51 52 53 54 55 56 57 58
Volante 04  (fora: 23 24 33 34 25 26)
   01 02 03 04 05 06 07 08 09 10 11 12 13 14 15 16 17 18 19 20 21 22 27 28 29
   30 31 32 35 36 37 38 39 40 41 42 43 44 45 46 47 48 51 52 53 54 55 56 57 58
Volante 05  (fora: 27 28 37 38 29 30)
   01 02 03 04 05 06 07 08 09 10 11 12 13 14 15 16 17 18 19 20 21 22 23 24 25
   26 31 32 33 34 35 36 39 40 41 42 43 44 45 46 47 48 51 52 53 54 55 56 57 58
Volante 06  (fora: 41 42 51 52 43 44)
   01 02 03 04 05 06 07 08 09 10 11 12 13 14 15 16 17 18 19 20 21 22 23 24 25
   26 27 28 29 30 31 32 33 34 35 36 37 38 39 40 45 46 47 48 53 54 55 56 57 58
Volante 07  (fora: 45 46 55 56 47 48)
   01 02 03 04 05 06 07 08 09 10 11 12 13 14 15 16 17 18 19 20 21 22 23 24 25
   26 27 28 29 30 31 32 33 34 35 36 37 38 39 40 41 42 43 44 51 52 53 54 57 58

==============================================================================
15 QUADRANTES, 6 VOLANTES, GARANTIA 17 PONTOS - R$ 18,00 por concurso
Grupo deste exemplo: quadrantes 1, 2, 3, 4, 5, 6, 7, 8, 9, 10, 11, 12, 13, 14 e 15
Regra: Os quadrantes 1 a 12 formam 6 pares; os quadrantes 13, 14 e 15 são partidos em linha de cima e linha de baixo. O volante do par tira os 2 quadrantes do par inteiros e mais uma dessas metades: cima do 13, baixo do 13, cima do 14, baixo do 14, cima do 15, baixo do 15.
A garantia vale quando os 20 sorteados caem todos no grupo: 1 vez a cada 127.863 sorteios.

Volante 01  (fora: 01 02 11 12 03 04 13 14 45 46)
   05 06 07 08 09 10 15 16 17 18 19 20 21 22 23 24 25 26 27 28 29 30 31 32 33
   34 35 36 37 38 39 40 41 42 43 44 47 48 49 50 51 52 53 54 55 56 57 58 59 60
Volante 02  (fora: 05 06 15 16 07 08 17 18 55 56)
   01 02 03 04 09 10 11 12 13 14 19 20 21 22 23 24 25 26 27 28 29 30 31 32 33
   34 35 36 37 38 39 40 41 42 43 44 45 46 47 48 49 50 51 52 53 54 57 58 59 60
Volante 03  (fora: 09 10 19 20 21 22 31 32 47 48)
   01 02 03 04 05 06 07 08 11 12 13 14 15 16 17 18 23 24 25 26 27 28 29 30 33
   34 35 36 37 38 39 40 41 42 43 44 45 46 49 50 51 52 53 54 55 56 57 58 59 60
Volante 04  (fora: 23 24 33 34 25 26 35 36 57 58)
   01 02 03 04 05 06 07 08 09 10 11 12 13 14 15 16 17 18 19 20 21 22 27 28 29
   30 31 32 37 38 39 40 41 42 43 44 45 46 47 48 49 50 51 52 53 54 55 56 59 60
Volante 05  (fora: 27 28 37 38 29 30 39 40 49 50)
   01 02 03 04 05 06 07 08 09 10 11 12 13 14 15 16 17 18 19 20 21 22 23 24 25
   26 31 32 33 34 35 36 41 42 43 44 45 46 47 48 51 52 53 54 55 56 57 58 59 60
Volante 06  (fora: 41 42 51 52 43 44 53 54 59 60)
   01 02 03 04 05 06 07 08 09 10 11 12 13 14 15 16 17 18 19 20 21 22 23 24 25
   26 27 28 29 30 31 32 33 34 35 36 37 38 39 40 45 46 47 48 49 50 55 56 57 58

Nenhum fechamento aumenta a chance de ganhar; ele so organiza as apostas.
